-11051
1908
4326
18858
-30179
-19869
-32560
-32224
-25663
30874
3441
2532
596
10380
-12654
28239
-5761
-7011
-26828
23046
-439
25913
-2556
14606
-11761
-18032
-8071
-14200
-10422
8895
-31427
-440
18043
-20453
-8218
13274
-5414
30463
11568
-22597
28582
-25763
19516
14047
18459
-7718
28299
-22610
-19067
12100
13729
-213
-16386
11428
-32083
8169
12192
16971
-13952
25074
-19106
16256
-21066
-5670
31712
20415
3578
17566
18899
20920
26268
13552
14533
16232
-24076
-20945
-15252
6664
607
-20441
-24609
-18513
-12628
5693
20284
-7208
-12458
29645
-603
32565
30703
-14667
26799
-20881
-12929
8310
915
-19750
-18476
25931
-23103
-17640
28914
-6103
12720
-10937
13089
-1638
-24063
12092
7010
30398
-11179
-811
29483
1284
14952
-20627
14772
-4503
21331
-23301
-11688
-32459
28679
6251
12966
28047
-12441
-6102
-14277
-9619
-28791
-17643
-27762
-11599
19212
10010
-24015
14956
31369
-16297
10288
-19548
-9329
25227
-2653
-18146
12210
-26109
-5479
-17167
-24693
-13183
22742
18426
-4406
-23129
-2009
-4503
30637
22000
12106
27914
-27273
26189
-1909
27121
-16693
15828
-26954
8888
4587
-1483
-23566
-13952
32345
-6452
-15978
28998
2133
-20086
21814
12629
-9178
30749
19525
-26897
2103
-5384
-10965
-27819
-16776
3888
22962
-11303
-4478
-25782
-13315
-10065
-7308
-31107
-31574
11929
20875
9455
-31328
-6494
-5923
5878
-3401
-14715
5074
25720
-2474
-19580
295
22742
5512
-30546
31397
5899
11337
-7945
21213
26864
-6152
23695
25993
-59
-25799
-28587
16223
14191
-19542
7537
-31868
28951
-4288
26188
3563
17674
-21458
-2682
-23754
7954
21412
-3410
-18426
21415
-4920
-4172
31427
24487
23234
-3713
-11214
-12421
-23110
-10988
-31598
15837
-3058
6697
-9231
-2665
-31176
-21720
-12821
1275
7459
29165
18992
-789
-20518
26564
-11179
10407
15079
22145
20206
-14656
-16207
-20572
-12583
-20752
18377
-18964
5453
-9313
-16152
-19255
18
-32417
17419
10385
-10010
-17995
253
-30353
-4593
18918
-27353
-7579
18299
-18014
13711
31954
-25330
-16176
16707
-20375
-5130
3780
23992
22157
10766
-28505
13242
30544
-24633
-22546
16648
-31290
25122
13572
-2117
-6062
16264
-2658
-28154
-26369
13237
31067
-27142
24901
8189
-9575
595
-27749
5770
31925
-32133
11478
107
19463
-10925
-2530
-14438
24421
-14495
-26618
30523
26108
-16781
-29158
-2617
-81
-9755
-28208
5618
-1672
6150
25302
-17313
27226
-14761
-13815
-15990
-10019
-16474
21414
2167
-7101
-24531
-31630
-1015
26578
9536
15606
17940
-20000
25399
-27394
7297
13214
22942
-18165
-3538
429
-19759
14928
-19886
-26370
10644
-11911
-4473
-24929
9282
-13472
-28460
-17312
-27974
13896
-19375
20347
278
28009
16447
22945
7873
-12333
-15703
2088
-20833
18167
-12042
12338
-3510
-16297
-6674
20986
10113
-6860
20007
4285
-25492
10807
13536
-28704
13393
-14233
19632
-11978
-3142
20470
-8038
928
20560
19622
21354
-21405
-29219
-7455
13411
-18198
26416
25531
6585
-11820
-24875
-27278
25160
-17544
-9995
-10946
-9857
11095
19636
18019
-1643
15632
28902
-1559
12628
-25385
-15104
22901
9249
-28538
15505
10002
21530
17339
-24413
4846
1889
7854
28647
16229
-32026
31398
25455
2761
-6557
-17863
-15510
7633
3644
-22850
9264
3227
-7795
-2149
-1683
-12382
23447
4959
-21919
-1753
28985
28109
30572
-11562
-21422
24895
-29084
32436
-2019
1300
8306
-12894
-23841
19980
10589
-17153
2707
-18248
-8805
29741
-15537
-9861
24975
10752
18343
28841
-32347
-28292
27697
3273
-24475
19523
-7934
-10214
-2924
26780
1221
-5705
32505
8207
11948
22045
-11156
-7445
23941
17903
-2503
15408
-5229
-29412
-2047
16561
32766
-26648
8098
2942
-2056
1629
-32554
16594
27389
-1479
-11383
-20458
-16731
-4508
26903
-2871
30743
-5537
-19973
25927
-26119
1888
-17764
-18998
26489
-30728
25396
29995
-10808
13944
-9201
-4068
20250
22899
7329
5894
11029
20759
-24297
-18005
-5580
-9421
-18561
-13497
-11628
3882
2721
26823
1563
24104
-6640
2632
-29942
18258
-7111
-24553
2398
-1321
21587
23227
12418
-9722
-21639
-31537
-11701
-25124
-16025
9425
-16057
-3920
28299
5122
27061
29407
24177
-10479
-4663
30135
-28998
-13255
18201
13043
28
12775
-28608
-5501
-27613
8251
8987
7037
-4175
-12577
-22219
113
32623
26630
-27320
-28038
26808
14494
-16943
-26179
18083
17660
-1478
-17081
4154
10377
-19193
5984
27146
-20922
24330
-28969
-3442
-16608
-28526
6365
-12756
6765
28437
4703
-11075
-13296
-24891
4876
18397
31519
-24295
-2190
-6535
31479
562
25297
-30883
49
8356
-23398
8621
-1574
-21475
-16185
20371
-10541
12501
21853
-7018
-4522
9938
15079
9807
23026
1394
2228
-27780
-12676
-13125
6422
-5459
26836
20312
17664
20217
29288
18783
20917
-378
-10009
-1741
-2453
3026
29575
-32478
29465
-4105
14275
-11883
-4927
-26261
11924
15594
9985
-12298
21089
8029
-16968
25545
32075
13962
-19208
-23802
13954
23920
4273
-473
31945
25351
10416
-26379
-23725
-25914
-26387
-15578
-2648
-26700
333
-1869
7738
15318
17203
6027
15050
-6369
-29015
-4806
8414
6718
23530
7315
-27690
21198
24970
-24433
5476
16348
-19801
-8485
-30603
-20781
29638
20946
5594
-17885
58
20187
-24273
-11202
-4762
21347
-23591
17108
5142
-28683
29457
32591
-21578
7710
-12962
-17663
-29110
27423
2806
30349
-4279
-6488
29653
-19094
10968
-3568
3474
-10330
-10766
25038
-21937
-29398
-7285
-24553
8485
-22735
-31310
-23297
24579
-14915
27969
-31375
30186
47
11677
20437
-13339
-20143
-10849
19015
-32203
-32652
16805
27568
20107
-25991
17994
5674
18252
-12581
-27025
-20886
-16586
-4573
12929
-22216
-19479
22601
16909
3358
22808
8945
29755
13260
-1668
-24432
26281
-13315
-16956
23262
7600
-17991
-5866
-15328
19506
30789
-15903
-967
1111
3628
-21228
1926
28145
31029
-1791
-16654
19036
-19183
29810
-28214
24857
9521
13752
-5312
27523
14102
-6956
-20837
-18106
-30749
29407
-14699
-28023
-19140
26708
13647
20468
18046
-9458
27627
15344
-14076
-21530
-3659
-27675
20233
-7342
-29601
27458
-473
-7285
11204
-14969
16330
-20989
-10965
-2104
29412
-22230
-21741
17720
-19518
10981
-2074
-19015
27624
-29921
-11476
22680
-7884
-22166
-28129
-32555
-5948
-24702
-19025
3000
14158
-11719
29012
28027
-31241
-20195
14157
4946
-6186
15576
-4057
-23251
14740
-9446
-23405
-11041
-30210
5783
27139
-19566
-18580
-22430
21388
-1610
17212
-28759
509
18652
-30241
2994
12085
12815
9018
886
14873
-18765
11316
-15004
18886
3329
-24609
4371
6102
-21366
-19578
3049
-11568
2680
24174
6405
-11490
-1944
-11443
-29700
3627
19477
